0.00
0.03
0.06
0.08
0.11
0.14
0.17
0.20
0.22
0.25
0.28
0.31
0.34
0.36
0.39
0.42
0.45
0.48
0.50
0.53
0.56
0.59
0.62
0.64
0.67
0.70
0.73
0.76
0.78
0.81
0.84
0.87
0.90
0.92
0.95
0.98
1.01
1.04
1.06
1.09
1.12
1.15
1.18
1.20
1.23
1.26
1.29
1.32
1.34
1.37
1.40
1.43
1.46
1.48
1.51
1.54
1.57
1.60
1.62
1.65
1.68
1.71
1.74
1.76
1.79
1.82
1.85
1.88
1.90
1.93
1.96
1.99
2.02
2.04
2.07
2.10
2.13
2.16
2.18
2.21
2.24
2.27
2.29
2.32
2.35
2.38
2.41
2.43
2.46
2.49
2.52
2.55
2.57
2.60
2.63
2.66
2.69
2.71
2.74
2.77
2.80
2.83
2.85
2.88
2.91
2.94
2.97
2.99
3.02
3.05
3.08
3.11
3.13
3.16
3.19
3.22
3.25
3.27
3.30
3.33
3.36
3.39
3.41
3.44
3.47
3.50
3.53
3.55
3.58
3.61
3.64
3.67
3.69
3.72
3.75
3.78
3.81
3.83
3.86
3.89
3.92
3.95
3.97
4.00
4.03
4.06
4.09
4.11
4.14
4.17
4.20
4.23
4.25
4.28
4.31
4.34
4.37
4.39
4.42
4.45
4.48
4.51
4.53
4.56
4.59
4.62
4.65
4.67
4.70
4.73
4.76
4.79
4.81
4.84
4.87
4.90
4.93
4.95
4.98
5.01
5.04
5.07
5.09
5.12
5.15
5.18
5.21
5.23
5.26
5.29
5.32
5.35
5.37
5.40
5.43
5.46
5.49
5.51
5.54
5.57
5.60
5.63
5.65
5.68
5.71
5.74
5.77
5.79
5.82
5.85
5.88
5.91
5.93
5.96
5.99
6.02
6.05
6.07
6.10
6.13
6.16
6.19
6.21
6.24
6.27
6.30
6.33
6.35
6.38
6.41
6.44
6.47
6.49
6.52
6.55
6.58
6.61
6.63
6.66
6.69
6.72
6.74
6.77
6.80
6.83
6.86
6.88
6.91
6.94
6.97
7.00
7.02
7.05
7.08
7.11
7.14
7.16
7.19
7.22
7.25
7.28
7.30
7.33
7.36
7.39
7.42
7.44
7.47
7.50
7.53
7.56
7.58
7.61
7.64
7.67
7.70
7.72
7.75
7.78
7.81
7.84
7.86
7.89
7.92
7.95
7.98
8.00
8.03
8.06
8.09
8.12
8.14
8.17
8.20
8.23
8.26
8.28
8.31
8.34
8.37
8.40
8.42
8.45
8.48
8.51
8.54
8.56
8.59
8.62
8.65
8.68
8.70
8.73
8.76
8.79
8.82
8.84
8.87
8.90
8.93
8.96
8.98
9.01
9.04
9.07
9.10
9.12
9.15
9.18
9.21
9.24
9.26
9.29
9.32
9.35
9.38
9.40
9.43
9.46
9.49
9.52
9.54
9.57
9.60
9.63
9.66
9.68
9.71
9.74
9.77
9.80
9.82
9.85
9.88
9.91
9.94
9.96
9.99
10.02
10.05
10.08
10.10
10.13
10.16
10.19
10.22
10.24
10.27
10.30
10.33
10.36
10.38
10.41
10.44
10.47
10.50
10.52
10.55
10.58
10.61
10.64
10.66
10.69
10.72
10.75
10.78
10.80
10.83
10.86
10.89
10.92
10.94
10.97
11.00
11.03
11.06
11.08
11.11
11.14
11.17
11.19
11.22
11.25
11.28
11.31
11.33
11.36
11.39
11.42
11.45
11.47
11.50
11.53
11.56
11.59
11.61
11.64
11.67
11.70
11.73
11.75
11.78
11.81
11.84
11.87
11.89
11.92
11.95
11.98
12.01
12.03
12.06
12.09
12.12
12.15
12.17
12.20
12.23
12.26
12.29
12.31
12.34
12.37
12.40
12.43
12.45
12.48
12.51
12.54
12.57
