0.00
-2.51
-4.98
-7.35
-9.58
-11.56
-13.31
-14.81
-15.98
-16.80
-17.29
-17.45
-17.27
-16.70
-15.80
-14.57
-13.01
-11.20
-9.16
-6.91
-4.51
-2.03
0.50
3.01
5.47
7.81
10.00
11.94
13.65
15.10
16.19
16.96
17.38
17.43
17.15
16.52
15.57
14.26
12.65
10.81
8.73
6.44
4.02
1.53
-0.99
-3.49
-5.92
-8.24
-10.38
-12.27
-13.93
-15.31
-16.35
-17.04
-17.39
-17.42
-17.09
-16.39
-15.37
-13.99
-12.33
-10.45
-8.30
-5.99
-3.55
-1.04
1.48
3.98
6.40
8.69
10.79
12.64
14.25
15.57
16.53
17.18
17.44
17.35
16.94
16.19
15.10
13.66
11.96
10.02
7.85
5.50
3.05
0.55
-1.97
-4.45
-6.85
-9.11
-11.15
-12.95
-14.51
-15.76
-16.65
-17.22
-17.44
-17.34
-16.85
-16.02
-14.87
-13.37
-11.61
-9.63
-7.41
-5.04
-2.57
-0.05
2.47
4.94
7.31
9.54
11.53
13.30
14.81
15.98
16.82
17.33
17.44
17.23
16.68
15.80
14.57
13.02
11.23
9.20
6.94
4.55
2.08
-0.44
-2.95
-5.40
-7.75
-9.94
-11.88
-13.59
-15.05
-16.15
-16.91
-17.34
-17.44
-17.20
-16.57
-15.61
-14.32
-12.71
-10.87
-8.78
-6.50
-4.08
-1.59
0.94
3.45
5.89
8.20
10.36
12.26
13.93
15.32
16.35
17.07
17.41
17.40
17.06
16.38
15.36
14.00
12.35
10.46
8.34
6.02
3.59
1.09
-1.43
-3.92
-6.34
-8.63
-10.73
-12.58
-14.20
-15.52
-16.49
-17.12
-17.42
-17.39
-16.99
-16.23
-15.15
-13.72
-12.01
-10.08
-7.90
-5.57
-3.11
-0.60
1.92
4.41
6.81
9.07
11.12
12.94
14.51
15.76
16.67
17.25
17.45
17.31
16.83
16.03
14.87
13.38
11.64
9.66
7.45
5.08
2.62
0.11
-2.41
-4.88
-7.25
-9.49
-11.48
-13.24
-14.76
-15.94
-16.78
-17.28
-17.45
-17.29
-16.73
-15.85
-14.63
-13.08
-11.28
-9.25
-7.01
-4.62
-2.14
0.39
2.91
5.36
7.71
9.91
11.86
13.59
15.04
16.15
16.94
17.37
17.43
17.16
16.56
15.61
14.32
12.72
10.89
8.82
6.53
4.12
1.64
-0.88
-3.38
-5.82
-8.15
-10.29
-12.20
-13.87
-15.26
-16.31
-17.01
-17.38
-17.42
-17.11
-16.42
-15.42
-14.05
-12.40
-10.53
-8.39
-6.09
-3.65
-1.15
1.38
3.88
6.30
8.59
10.71
12.57
14.19
15.52
16.50
17.16
17.44
17.36
16.96
16.23
15.15
13.72
12.03
10.11
7.94
5.60
3.16
0.65
-1.87
-4.35
-6.75
-9.02
-11.07
-12.88
-14.45
-15.71
-16.62
-17.20
-17.44
-17.35
-16.88
-16.06
-14.92
-13.44
-11.69
-9.72
-7.51
-5.14
-2.68
-0.16
2.36
4.84
7.22
9.45
11.45
13.23
14.75
15.94
16.80
17.32
17.45
17.25
16.71
15.85
14.63
13.09
11.31
9.29
7.04
4.65
2.18
-0.33
-2.84
-5.30
-7.66
-9.85
-11.81
-13.53
-14.99
-16.11
-16.89
-17.33
-17.44
-17.21
-16.60
-15.66
-14.38
-12.78
-10.95
-8.87
-6.60
-4.19
-1.70
0.83
3.34
5.79
8.11
10.27
12.18
13.86
15.27
16.31
17.04
17.41
17.41
17.08
16.42
15.41
14.06
12.42
10.55
8.43
6.12
3.69
1.20
-1.32
-3.81
-6.24
-8.54
-10.64
-12.51
-14.13
-15.47
-16.46
-17.10
-17.41
-17.40
-17.01
-16.27
-15.21
-13.79
-12.09
-10.17
-8.00
-5.67
-3.22
-0.71
1.82
4.31
6.71
8.98
11.04
12.87
14.45
15.71
16.64
17.24
17.45
17.32
16.86
16.07
14.93
13.45
11.72
9.75
7.54
5.18
2.72
0.21
-2.30
-4.77
-7.16
-9.40
-11.40
-13.17
-14.70
-15.90
-16.75
-17.27
-17.45
-17.30
-16.76
-15.89
-14.68
-13.15
-11.36
-9.34
-7.10
-4.72
-2.24
0.28
2.80
5.26
7.62
9.82
11.78
13.52
14.99
16.11
16.91
17.36
17.43
17.18
16.59
15.66
14.38
12.80
10.97
8.91
6.63
4.23
1.74
-0.78
-3.28
-5.72
-8.05
-10.21
-12.12
-13.80
-15.21
-16.27
-16.99
-17.37
-17.43
-17.13
-16.46
-15.47
-14.12
-12.48
-10.61
-8.48
-6.19
-3.76
-1.25
1.27
3.77
6.20
8.50
10.63
12.49
14.13
15.48
16.46
17.13
17.43
17.37
16.99
16.27
15.20
13.79
12.11
10.20
8.04
5.70
3.26
0.76
-1.76
-4.24
-6.65
-8.93
-10.99
-12.81
-14.39
-15.67
-16.59
-17.18
-17.43
-17.36
-16.91
-16.10
-14.98
-13.51
-11.77
-9.80
-7.60
-5.25
-2.78
-0.27
2.26
4.74
7.12
9.36
11.37
13.16
14.69
15.90
16.77
17.31
17.45
17.26
16.74
15.89
14.69
13.16
11.39
9.38
7.14
4.76
2.29
-0.23
-2.74
-5.20
-7.56
-9.77
-11.73
-13.46
-14.94
-16.07
-16.86
-17.32
-17.45
-17.23
-16.63
-15.70
-14.44
-12.86
-11.03
-8.96
-6.70
-4.29
-1.80
0.72
3.24
5.68
8.01
10.19
12.10
13.80
15.21
16.27
17.02
17.40
17.41
17.10
16.45
15.46
14.12
12.49
10.63
8.52
6.22
3.80
1.30
-1.22
-3.71
-6.14
-8.45
-10.56
-12.43
-14.07
-15.42
-16.42
-17.08
-17.41
-17.41
-17.04
-16.31
-15.26
-13.85
-12.17
-10.26
-8.09
-5.77
-3.32
-0.81
1.71
4.21
6.61
8.89
10.96
12.80
14.39
15.67
16.60
17.22
17.44
17.33
16.88
16.11
14.98
13.51
11.79
9.84
7.64
5.28
2.83
0.32
-2.20
-4.67
-7.06
-9.31
-11.32
-13.10
-14.64
-15.86
-16.72
-17.25
-17.45
-17.32
-16.79
-15.93
-14.74
-13.22
-11.44
-9.43
-7.20
-4.82
-2.35
0.18
2.70
5.16
7.52
9.73
11.70
13.45
14.93
16.07
16.88
17.35
17.44
17.20
16.62
15.71
14.44
12.87
11.06
9.00
6.73
4.33
1.85
-0.67
-3.17
-5.62
-7.96
-10.12
-12.05
-13.74
-15.16
-16.23
-16.97
-17.36
-17.43
-17.15
-16.49
-15.52
-14.18
-12.55
-10.69
-8.58
-6.28
-3.86
-1.36
1.17
3.67
6.10
8.41
10.54
12.42
14.07
15.43
16.43
17.11
17.43
17.38
17.01
16.30
15.26
13.86
12.19
10.28
8.13
5.80
3.37
0.86
-1.65
-4.14
-6.55
-8.83
-10.91
-12.74
-14.33
-15.62
-16.56
-17.17
-17.43
-17.37
-16.93
-16.14
-15.04
-13.58
-11.85
-9.89
-7.70
-5.35
-2.89
-0.37
2.15
4.63
7.02
9.27
11.29
13.09
14.64
15.85
16.74
17.29
17.45
17.28
16.77
15.94
14.75
13.23
11.47
9.47
7.24
4.86
2.39
-0.12
-2.64
-5.10
-7.46
-9.68
-11.65
-13.39
-14.88
-16.03
-16.83
-17.31
-17.45
-17.25
-16.66
-15.75
-14.50
-12.93
-11.11
-9.05
-6.79
-4.39
-1.91
0.62
3.13
5.58
7.92
10.10
12.03
13.73
15.16
16.24
16.99
17.39
17.42
17.12
16.48
15.51
14.19
12.57
10.71
8.62
6.32
3.90
1.41
-1.11
-3.61
-6.04
-8.35
-10.48
-12.36
-14.01
-15.37
-16.39
-17.06
-17.40
-17.41
-17.06
-16.34
-15.31
-13.92
-12.24
-10.35
-8.19
-5.87
-3.43
-0.92
1.61
4.10
6.52
8.79
10.88
12.72
14.33
15.62
16.57
17.20
17.44
17.34
16.91
16.15
15.04
13.58
11.87
9.92
7.74
5.38
2.93
0.42
-2.09
-4.57
-6.96
-9.22
-11.24
-13.03
-14.58
-15.81
-16.69
-17.24
-17.44
-17.33
-16.82
-15.97
-14.80
-13.29
-11.52
-9.52
-7.30
-4.92
-2.45
0.07
2.59
5.06
7.43
9.64
11.63
