0.00
-0.02
-0.07
-0.16
-0.27
-0.42
-0.60
-0.79
-1.01
-1.24
-1.48
-1.72
-1.96
-2.20
-2.43
-2.64
-2.84
-3.00
-3.15
-3.26
-3.34
-3.39
-3.40
-3.37
-3.31
-3.22
-3.09
-2.94
-2.76
-2.56
-2.34
-2.11
-1.87
-1.63
-1.38
-1.15
-0.92
-0.71
-0.53
-0.36
-0.22
-0.12
-0.05
-0.01
-0.00
-0.03
-0.10
-0.20
-0.33
-0.49
-0.67
-0.88
-1.10
-1.33
-1.57
-1.82
-2.06
-2.29
-2.51
-2.72
-2.90
-3.06
-3.20
-3.30
-3.36
-3.39
-3.39
-3.35
-3.28
-3.17
-3.04
-2.87
-2.69
-2.48
-2.25
-2.02
-1.77
-1.53
-1.29
-1.06
-0.84
-0.64
-0.46
-0.30
-0.18
-0.09
-0.03
-0.00
-0.01
-0.06
-0.13
-0.25
-0.39
-0.56
-0.75
-0.96
-1.19
-1.43
-1.67
-1.91
-2.15
-2.38
-2.60
-2.80
-2.97
-3.12
-3.24
-3.33
-3.38
-3.40
-3.38
-3.33
-3.24
-3.12
-2.98
-2.80
-2.61
-2.39
-2.16
-1.92
-1.68
-1.44
-1.20
-0.97
-0.76
-0.56
-0.39
-0.25
-0.14
-0.06
-0.01
-0.00
-0.02
-0.08
-0.17
-0.30
-0.45
-0.63
-0.83
-1.05
-1.28
-1.52
-1.76
-2.01
-2.24
-2.47
-2.68
-2.87
-3.03
-3.17
-3.28
-3.35
-3.39
-3.39
-3.36
-3.30
-3.20
-3.07
-2.91
-2.73
-2.52
-2.30
-2.07
-1.83
-1.58
-1.34
-1.11
-0.89
-0.68
-0.50
-0.34
-0.20
-0.10
-0.04
-0.00
-0.01
-0.04
-0.11
-0.22
-0.36
-0.52
-0.71
-0.91
-1.14
-1.37
-1.62
-1.86
-2.10
-2.33
-2.55
-2.75
-2.93
-3.09
-3.21
-3.31
-3.37
-3.40
-3.39
-3.34
-3.26
-3.15
-3.01
-2.84
-2.65
-2.44
-2.21
-1.97
-1.73
-1.49
-1.25
-1.02
-0.80
-0.60
-0.43
-0.28
-0.16
-0.07
-0.02
-0.00
-0.02
-0.07
-0.15
-0.27
-0.42
-0.59
-0.79
-1.00
-1.23
-1.47
-1.71
-1.95
-2.19
-2.42
-2.63
-2.83
-3.00
-3.14
-3.26
-3.34
-3.38
-3.40
-3.37
-3.32
-3.22
-3.10
-2.95
-2.77
-2.57
-2.35
-2.12
-1.88
-1.64
-1.39
-1.16
-0.93
-0.72
-0.53
-0.37
-0.23
-0.12
-0.05
-0.01
-0.00
-0.03
-0.10
-0.19
-0.32
-0.48
-0.66
-0.87
-1.09
-1.32
-1.56
-1.81
-2.05
-2.28
-2.51
-2.71
-2.90
-3.06
-3.19
-3.29
-3.36
-3.39
-3.39
-3.35
-3.28
-3.18
-3.04
-2.88
-2.69
-2.49
-2.26
-2.03
-1.78
-1.54
-1.30
-1.07
-0.85
-0.65
-0.47
-0.31
-0.18
-0.09
-0.03
-0.00
-0.01
-0.05
-0.13
-0.24
-0.38
-0.55
-0.74
-0.95
-1.18
-1.42
-1.66
-1.90
-2.14
-2.37
-2.59
-2.79
-2.96
-3.11
-3.23
-3.32
-3.38
-3.40
-3.38
-3.33
-3.25
-3.13
-2.98
-2.81
-2.61
-2.40
-2.17
-1.93
-1.69
-1.45
-1.21
-0.98
-0.77
-0.57
-0.40
-0.26
-0.14
-0.06
-0.01
-0.00
-0.02
-0.08
-0.17
-0.29
-0.44
-0.62
-0.82
-1.04
-1.27
-1.51
-1.75
-2.00
-2.23
-2.46
-2.67
-2.86
-3.03
-3.16
-3.27
-3.35
-3.39
-3.40
-3.37
-3.30
-3.20
-3.08
-2.92
-2.74
-2.53
-2.31
-2.08
-1.84
-1.59
-1.35
-1.12
-0.89
-0.69
-0.50
-0.34
-0.21
-0.11
-0.04
-0.00
-0.00
-0.04
-0.11
-0.21
-0.35
-0.51
-0.70
-0.90
-1.13
-1.36
-1.60
-1.85
-2.09
-2.32
-2.54
-2.75
-2.93
-3.08
-3.21
-3.31
-3.37
-3.40
-3.39
-3.34
-3.27
-3.16
-3.02
-2.85
-2.66
-2.45
-2.22
-1.98
-1.74
-1.50
-1.26
-1.03
-0.81
-0.61
-0.44
-0.29
-0.17
-0.08
-0.02
-0.00
-0.01
-0.06
-0.15
-0.26
-0.41
-0.58
-0.78
-0.99
-1.22
-1.46
-1.70
-1.94
-2.18
-2.41
-2.62
-2.82
-2.99
-3.14
-3.25
-3.33
-3.38
-3.40
-3.38
-3.32
-3.23
-3.11
-2.96
-2.78
-2.58
-2.36
-2.13
-1.89
-1.65
-1.40
-1.17
-0.94
-0.73
-0.54
-0.37
-0.24
-0.13
-0.05
-0.01
-0.00
-0.03
-0.09
-0.19
-0.32
-0.47
-0.66
-0.86
-1.08
-1.31
-1.55
-1.80
-2.04
-2.27
-2.50
-2.70
-2.89
-3.05
-3.19
-3.29
-3.36
-3.39
-3.39
-3.36
-3.29
-3.18
-3.05
-2.89
-2.70
-2.50
-2.27
-2.04
-1.79
-1.55
-1.31
-1.08
-0.86
-0.65
-0.47
-0.32
-0.19
-0.09
-0.03
-0.00
-0.01
-0.05
-0.13
-0.24
-0.38
-0.54
-0.73
-0.94
-1.17
-1.41
-1.65
-1.89
-2.13
-2.36
-2.58
-2.78
-2.96
-3.11
-3.23
-3.32
-3.38
-3.40
-3.38
-3.33
-3.25
-3.14
-2.99
-2.82
-2.62
-2.41
-2.18
-1.94
-1.70
-1.46
-1.22
-0.99
-0.78
-0.58
-0.41
-0.26
-0.15
-0.06
-0.01
-0.00
-0.02
-0.08
-0.17
-0.29
-0.44
-0.61
-0.81
-1.03
-1.26
-1.50
-1.74
-1.99
-2.22
-2.45
-2.66
-2.85
-3.02
-3.16
-3.27
-3.35
-3.39
-3.40
-3.37
-3.31
-3.21
-3.08
-2.93
-2.74
-2.54
-2.32
-2.09
-1.85
-1.60
-1.36
-1.13
-0.90
-0.70
-0.51
-0.35
-0.21
-0.11
-0.04
-0.00
-0.00
-0.04
-0.11
-0.21
-0.34
-0.50
-0.69
-0.90
-1.12
-1.35
-1.59
-1.84
-2.08
-2.31
-2.53
-2.74
-2.92
-3.08
-3.21
-3.30
-3.37
-3.40
-3.39
-3.35
-3.27
-3.16
-3.02
-2.86
-2.67
-2.46
-2.23
-1.99
-1.75
-1.51
-1.27
-1.04
-0.82
-0.62
-0.44
-0.29
-0.17
-0.08
-0.02
-0.00
-0.01
-0.06
-0.14
-0.26
-0.40
-0.57
-0.77
-0.98
-1.21
-1.45
-1.69
-1.93
-2.17
-2.40
-2.62
-2.81
-2.98
-3.13
-3.25
-3.33
-3.38
-3.40
-3.38
-3.32
-3.23
-3.11
-2.96
-2.79
-2.59
-2.37
-2.14
-1.90
-1.66
-1.41
-1.18
-0.95
-0.74
-0.55
-0.38
-0.24
-0.13
-0.05
-0.01
-0.00
-0.03
-0.09
-0.18
-0.31
-0.47
-0.65
-0.85
-1.07
-1.30
-1.54
-1.79
-2.03
-2.26
-2.49
-2.70
-2.88
-3.05
-3.18
-3.28
-3.36
-3.39
-3.39
-3.36
-3.29
-3.19
-3.06
-2.90
-2.71
-2.50
-2.28
-2.05
-1.80
-1.56
-1.32
-1.09
-0.87
-0.66
-0.48
-0.32
-0.19
-0.10
-0.03
-0.00
-0.01
-0.05
-0.12
-0.23
-0.37
-0.53
-0.72
-0.93
-1.16
-1.40
-1.64
-1.88
-2.12
-2.35
-2.57
-2.77
-2.95
-3.10
-3.22
-3.32
-3.37
-3.40
-3.38
-3.34
-3.26
-3.14
-3.00
-2.83
-2.63
-2.42
-2.19
-1.95
-1.71
-1.47
-1.23
-1.00
-0.78
-0.59
-0.41
-0.27
-0.15
-0.07
-0.02
-0.00
-0.02
-0.07
-0.16
-0.28
-0.43
-0.61
-0.80
-1.02
-1.25
-1.49
-1.73
-1.98
-2.21
-2.44
-2.65
-2.84
-3.01
-3.15
-3.26
-3.34
-3.39
-3.40
-3.37
-3.31
-3.21
-3.09
-2.93
-2.75
-2.55
-2.33
-2.10
-1.86
-1.61
-1.37
-1.14
-0.91
-0.70
-0.52
-0.35
-0.22
-0.11
-0.04
-0.01
-0.00
-0.04
-0.10
-0.20
-0.34
-0.50
-0.68
-0.89
-1.11
-1.34
-1.58
-1.83
-2.07
-2.30
-2.53
-2.73
-2.91
-3.07
-3.20
-3.30
-3.36
-3.39
-3.39
-3.35
-3.28
-3.17
-3.03
-2.87
-2.68
-2.47
-2.24
-2.00
-1.76
-1.52
-1.28
-1.05
-0.83
-0.63
-0.45
-0.30
-0.17
-0.08
-0.02
-0.00
-0.01
-0.06
-0.14
-0.25
-0.40
-0.57
-0.76
-0.97
-1.20
-1.44
-1.68
-1.92
-2.16
-2.39
-2.61
-2.80
-2.98
-3.13
-3.24
-3.33
-3.38
-3.40
-3.38
-3.32
-3.24
-3.12
-2.97
